922725
4755624
1912299
7107191
1479662
3109342
5724432
5729602
6218840
366594
1214911
1123093
6813556
4461924
4560578
2665290
5138918
423485
2587805
4024212
1933417
3620067
5418845
1036732
414230
1116106
2363884
253019
8841094
67919
5343473
436313
541334
7693502
4326156
1904695
1005314
659517
1069286
1172187
1993209
5579476
62008
971428
825303
1423332
4814260
91257
3046357
1271295
2514750
2166015
5507900
1186583
1166371
580685
6462160
5382798
5631745
3296897
6041574
2740203
2158314
7363997
5550882
1144174
7216497
1135503
6519188
2642481
4470686
2588651
7840587
5310162
1036909
5787415
1884224
6841421
739683
737896
3677445
1445511
1334567
308254
5447100
6174145
5983796
981765
2967034
4545538
774147
5926168
5954137
3495606
527585
711215
976816
1926371
5978810
96879
477220
1248683
2108979
330175
1538071
1645720
1469655
713659
6050553
3861751
410850
5096951
234101
2168302
3511895
4549132
3205862
14820
2950455
8613653
2389607
5252335
1238497
6390457
5475648
1528802
5000275
2245950
982920
1767625
2926255
6664690
6500018
6486317
3991542
5095761
3724248
352865
3645026
5261015
18064
2437804
1316685
1600512
7638215
29734
625191
704169
3744290
1921034
4126673
6048256
4884480
5167868
4936004
1979862
6518020
381675
2405172
6417815
2976770
2506274
624568
3152667
1816624
2064200
3957218
1500126
4092541
13924
193205
5211143
4203276
1637176
2431273
3819033
1611523
6546013
5529936
6129955
1043051
4282786
3521789
3087379
5126765
5560638
432349
948737
1211070
2613394
417341
1865959
6898787
1552483
6706274
3278171
1465726
6313435
2016678
2735062
3513459
4921806
5965728
541489
49441
1581268
1328998
5757941
353391
6352521
2220261
1329767
5886709
6486766
2483066
3973906
1993347
343905
4176815
3993435
6829410
3605658
4037311
1480579
498323
3789736
141445
405855
7385916
4100933
3665173
2036329
3844784
7072055
2924425
1688608
414592
1292562
5239240
3041970
444566
2408089
5779755
1447714
2269794
3924114
2155274
2278758
1619319
4978780
1361430
4632369
2431798
286287
826348
5575077
3261235
3151236
1295682
1191236
3677244
5812178
2407602
290209
6236072
247206
670454
3841295
2735968
6378271
2294931
519780
3255755
7751241
1403735
2895157
2801745
1913292
2261267
1049297
5994549
4756871
3369873
2452138
707810
150029
3777841
7926064
1614106
1068628
7393526
2561
482363
1955486
6038686
852689
3590950
916352
3272247
6769362
5133188
1016785
3529713
2944609
2354321
2406965
7799282
7108857
1210709
2896162
3539477
3298781
5033021
286185
2445237
5611229
7221023
2617931
5735019
2931669
273151
1107777
7473139
3445232
7431263
4098542
3344926
963150
319735
2893152
804226
3187625
973047
3678005
7853400
1298665
52174
1212998
2123800
2485522
2525813
4205636
8978977
3802836
5881907
5229336
5039679
5441510
5156690
7305732
1465154
334031
6610234
6621681
1491313
1167904
7291812
721692
3864129
5023396
3503836
840518
481527
1794470
538182
2854483
5263018
370178
1632861
2249980
226286
5786519
6424698
1374533
1646348
1319511
1072613
6686704
4609698
776922
3374940
3378893
3301873
1229381
4604110
2915674
982961
4674703
6573399
6758356
5774256
2299556
471345
2194357
3953076
7191833
6680997
2133290
6544524
7505258
799780
6356624
3218889
449366
2507156
1542464
4113065
3065192
3032442
2791769
6732503
8518283
3314392
1505199
5018761
4096884
4699933
850971
4736624
8127093
2101666
1693891
1241272
6630654
1515073
3718501
1749909
1572655
554665
1624538
3057654
6479857
965165
1813307
2927132
2222217
5217833
6507093
2133893
682481
415265
2300483
2574707
6223480
3691849
6707818
4464748
6224954
6800073
328238
1706012
1685923
3293789
371582
491473
1204947
813123
1365389
8215156
2840968
1309808
4594706
769051
147432
546203
2945519
2697580
2148067
2541980
4403458
436603
2718491
86554
5081020
2603995
3990286
750607
6853250
3894402
848522
576492
3835107
2489360
1654279
5421581
3686680
1878842
3167295
519656
4373773
4942909
440557
3120434
2149335
2412543
2455330
6803883
4810162
1630338
8903696
67535
4471939
3280244
3371702
3692231
4630661
2029160
2131301
650088
3138275
7064544
2426940
8610206
6414179
4807968
5348287
2877524
1022222
3135925
4621440
7059000
1477974
579689
5621019
4291577
1101080
3426581
1189060
914385
574284
3689148
1507963
7666390
7144772
2001189
4995563
3262979
1072080
2803453
614491
6174647
125291
547790
1585860
4327817
3863252
2518890
2418930
5365156
1513190
2876391
1656780
4613662
2266621
3733533
4447837
1621762
3229396
1445280
2295405
6879145
269436
734117
513381
3030521
3380947
4778331
3675531
6843609
4631387
6559215
4446108
499468
4412227
2902745
2516640
4389471
834790
3305268
2972788
6159317
6885603
456640
393641
796732
1699093
7746413
816193
3081600
7060392
3379701
4459053
1409042
3246529
1320436
4167051
1819579
2211822
5436796
1525131
2093516
1483866
8096712
6310996
2219518
3902668
447443
308430
3921564
114016
4766350
1602352
1605511
3399175
131676
5185973
2489218
3756968
4862465
5063834
7456886
3720667
3285582
4652531
2217461
8991377
1305681
2736487
2678286
1198289
2173416
7866187
2175034
419937
2850486
1261602
2129099
3205489
5827685
1047006
71684
751404
165949
7880407
1427470
905079
6877778
82766
1052149
3108082
7332083
4782117
2282001
7288629
1930134
1396476
6352186
5930038
1558234
1464696
478120
3206315
8374030
158552
4750723
479724
5070053
3579541
3042802
4648686
3353541
6284616
1301411
166354
8270598
4616263
1100894
2087399
4944001
6266999
1392594
2953092
1987989
733391
2510155
2389403
5774127
3030605
2085189
2097080
1193974
1899870
475441
3310879
2151206
1092377
254406
6422788
1126924
1765390
3796311
1055466
3570581
3459838
1955851
1538592
2100591
7586384
1295710
4769725
6309312
1445686
3554781
6768614
663835
1935185
1132179
1941263
5436646
1940887
2403249
2365362
2459088
694396
1163872
7922147
7299010
1768702
3009455
5558202
1005909
6175586
5412193
5194527
5355462
1222578
650341
1310069
6266234
1907101
4469728
989067
8005860
4014612
5940350
523520
5470930
1852889
1924233
7370631
2970269
1619152
2633848
1336629
465023
4588007
3035878
7530203
5349679
1099529
1519112
1400037
5198282
1606863
235321
4258395
5825233
1959143
193334
2052725
666191
1858092
6317171
4899385
1313897
432318
2316518
2660087
8350258
2461825
6035246
5160802
296255
4672873
4118215
6008081
3326256
1438117
5438142
2925390
460827
6678100
3073541
790458
939810
2856881
2866711
1134581
1539531
5864785
3026679
6463719
1863942
5964482
5185962
5023936
3045465
7270680
6141996
731690
6853140
1292337
6430589
6549631
5356325
84334
2683013
6625568
2054140
781156
2024405
2391078
559941
799541
3295840
3650789
3581647
4081956
4276128
4950807
7948995
6312958
4348936
959662
1780227
423478
1993965
1027841
5839891
1197942
7446508
5522653
2935276
1589220
4466339
2107876
5449510
1653971
3586022
1798925
2018367
3777900
4074714
6880998
1071926
4188683
7072383
1618338
731848
1031242
3312300
2295038
5016450
6636380
2029502
5848648
2743784
841164
1080269
807267
3873527
2833277
653100
2155631
4980270
853425
3588768
2040292
335204
1416026
1370648
958109
238610
2289427
3104703
1891543
4790867
372555
2004983
4394716
6735478
6621823
3131498
880919
1402209
2846078
2193728
892251
3258953
4824670
5464772
5757526
1118867
5067237
3009210
6364106
5437780
4676322
484343
190053
1934453
4289543
1807324
576587
1030488
4587953
2797189
2518991
2340873
5143948
2647967
4511024
5419415
1413775
3700292
1209758
188183
5586233
1727589
1815505
5167162
5869008
6030024
1838607
202309
1546226
6517134
3396764
3844024
7352415
3046434
938251
2534335
3557152
3587480
5377185
1514715
925674
1030796
5571858
5687741
2863886
1937416
2019504
512312
2184560
415618
7321604
3785293
3440852
290404
383973
2917304
6025294
665495
5167079
1638443
4314419
736792
280478
2641994
1619330
5049906
5391618
5941575
6582943
7273924
5635295
4813155
351560
853227
449967
550246
1318987
3788435
560539
1169068
2534010
6527619
942229
2511809
2705131
232389
6798751
3576358
2431664
7584938
436326
4163954
651571