4
10 3
49 97 37
1 54 13
8 42 32
69 70 95
47 15 38
15 95 80
53 25 81
0 38 99
40 54 52
32 33 15
100 3
27 89 85
67 10 53
35 60 81
36 99 50
74 70 17
9 51 33
50 67 65
6 64 32
90 54 86
80 83 3
23 9 45
40 79 82
48 68 44
54 96 73
78 50 36
20 86 78
43 1 31
69 56 47
16 32 6
94 45 70
62 68 28
7 88 67
65 23 22
92 97 78
54 37 72
20 75 55
2 67 47
97 98 1
14 82 10
54 98 98
19 58 11
3 77 41
54 56 7
24 69 7
41 41 53
69 6 86
93 60 36
1 83 94
47 27 55
61 68 51
6 71 56
8 59 26
42 81 51
39 39 19
7 88 99
29 49 68
14 7 88
41 44 97
33 51 14
26 63 50
44 84 6
70 42 88
84 3 2
49 63 91
78 77 36
34 50 96
0 84 42
98 96 83
100 14 86
71 19 56
16 3 19
85 14 5
81 15 87
33 43 41
75 66 57
60 91 61
93 83 61
47 45 96
3 81 73
28 97 34
85 7 82
26 88 63
43 2 4
27 93 15
67 39 19
31 6 82
83 70 74
40 75 59
74 55 89
15 18 42
57 4 90
6 61 94
51 36 54
48 99 81
87 49 24
21 51 46
84 68 52
100 58 97
11 25 47
46 48 40
22 16 33
41 63 100
68 14 88
21 50 75
16 3 51
81 43 62
27 82 93
2 10 63
68 89 77
62 98 44
1000 5
18 7 51
66 50 77
52 21 99
72 15 77
37 39 79
81 84 100
78 20 69
78 70 49
32 18 69
33 8 13
32 95 33
8 73 19
88 36 0
93 63 30
61 4 40
9 15 94
66 80 35
69 62 29
77 87 76
85 77 24
99 89 56
56 59 24
57 89 84
45 23 82
1 52 79
15 45 41
29 1 73
79 97 20
91 56 57
25 90 59
66 29 53
76 40 66
98 16 9
5 18 67
52 46 33
9 83 73
75 41 40
62 46 44
3 74 93
6 29 85
64 48 40
20 53 65
35 29 29
17 98 3
16 83 97
7 66 48
77 62 93
30 99 60
9 28 13
63 41 23
68 25 28
0 56 27
21 80 0
76 86 37
73 27 36
25 53 34
74 100 45
11 79 64
97 24 75
26 74 37
97 81 38
62 91 36
51 35 38
30 94 18
57 99 41
53 87 8
58 33 45
62 44 64
87 17 64
31 7 73
62 32 60
16 90 31
53 79 61
22 60 31
32 55 61
89 5 58
23 32 49
5 98 40
37 61 96
75 56 30
42 44 83
10 96 78
38 24 66
82 12 8
40 41 8
25 26 70
71 29 90
26 97 68
37 11 19
34 32 3
62 48 29
50 32 34
31 71 4
3 46 34
36 74 79
71 8 64
4 46 12
27 1 42
0 12 99
76 81 47
78 43 39
98 9 58
98 83 23
86 47 81
44 88 72
56 29 98
97 57 30
26 50 20
91 24 24
59 53 76
74 71 28
57 98 57
90 65 93
55 56 56
23 60 72
33 90 89
33 38 65
56 53 62
61 88 83
72 12 30
98 43 95
75 54 59
61 82 9
88 4 48
73 21 73
56 2 24
71 68 57
79 1 35
65 11 3
86 33 22
81 62 73
71 98 7
28 89 69
84 7 50
13 52 4
54 56 80
77 67 15
71 40 63
60 25 98
60 92 26
62 24 34
51 85 99
64 28 94
36 24 16
26 56 53
63 42 4
77 10 52
43 54 89
11 88 25
5 62 88
72 50 31
34 51 48
0 10 34
77 54 87
21 83 50
3 98 74
16 76 96
71 21 96
50 67 54
81 70 41
39 62 5
63 10 16
57 62 80
77 36 47
93 48 70
70 71 61
79 11 5
80 73 80
45 98 4
87 7 96
69 85 56
33 33 73
69 30 27
13 49 74
55 37 18
64 54 10
40 84 41
40 56 24
76 46 39
41 55 34
0 29 34
56 7 39
28 78 21
44 65 30
15 87 56
60 66 80
19 0 74
32 95 7
46 34 4
70 75 60
52 90 89
65 94 43
69 64 26
30 76 18
14 73 93
51 95 38
57 49 74
98 84 92
71 25 52
43 2 2
36 44 79
15 38 47
81 8 15
13 44 14
48 81 31
48 39 72
8 88 43
96 50 33
55 63 36
82 61 44
99 99 1
97 65 18
62 26 86
92 89 28
0 72 65
68 65 66
79 60 96
27 25 33
42 30 8
18 5 19
4 15 93
80 96 88
43 82 46
99 64 25
49 31 31
98 29 2
83 26 86
18 23 29
25 59 80
50 41 92
100 15 97
9 7 15
7 62 66
5 88 23
70 28 78
39 75 20
51 34 80
2 37 8
56 24 57
79 21 59
65 76 0
53 84 72
97 63 66
4 83 83
71 92 53
68 0 29
39 43 54
20 53 91
66 7 99
16 94 21
3 28 83
36 23 8
39 89 63
25 100 85
29 100 52
51 20 38
70 20 10
54 98 88
18 20 38
30 23 52
91 23 92
85 56 46
11 86 71
27 86 11
96 20 90
86 91 14
36 55 43
72 100 4
62 44 26
38 65 93
74 15 19
94 38 98
0 22 99
55 16 19
19 8 4
17 44 83
7 5 1
85 83 62
30 64 17
49 48 66
79 33 28
92 23 92
21 74 43
40 17 17
29 22 36
49 88 18
61 70 85
84 50 98
48 3 11
12 65 45
49 13 74
51 96 100
61 27 36
16 7 42
89 41 77
72 50 9
7 91 5
7 18 20
69 92 33
34 31 42
25 90 19
20 89 79
78 59 0
83 15 86
47 78 5
81 13 78
57 40 51
11 96 76
98 97 45
59 89 82
21 96 40
63 58 22
39 90 72
50 16 2
37 4 56
27 18 63
28 61 0
94 92 89
15 45 89
6 55 26
65 98 42
21 86 44
44 56 21
72 48 94
23 76 1
5 80 72
18 80 8
28 72 18
30 59 9
74 88 58
94 56 54
82 83 76
90 83 68
86 45 13
73 6 20
78 16 49
85 13 70
50 82 66
44 7 27
34 67 91
12 63 20
66 99 35
70 61 47
63 94 36
100 84 62
85 7 94
38 94 72
47 45 49
34 86 46
19 67 31
28 4 35
18 26 43
28 48 34
81 59 24
60 0 68
95 28 43
48 13 86
83 81 50
54 58 74
100 57 84
31 69 96
98 11 37
41 1 64
75 29 97
49 76 35
57 41 47
57 50 56
2 76 40
20 36 54
59 74 0
29 100 73
57 10 44
84 95 12
22 37 87
38 93 83
39 23 23
31 96 58
11 71 62
95 75 76
93 3 8
94 60 46
85 13 56
2 26 18
23 3 90
41 74 78
1 80 7
50 92 33
5 9 58
28 64 61
83 76 63
10 43 48
21 73 33
3 12 75
98 21 9
52 61 32
9 44 9
12 41 100
30 86 22
7 80 77
28 4 3
24 64 18
43 22 95
88 3 59
65 75 83
91 5 99
35 12 77
24 64 35
87 10 22
49 40 32
26 12 43
78 61 1
97 50 62
11 39 62
23 4 93
2 82 72
16 97 44
61 98 20
40 76 86
42 9 10
89 76 36
28 100 54
42 3 19
69 42 56
91 85 61
10 5 28
60 1 69
98 95 64
96 84 64
68 47 66
5 11 71
50 69 66
75 30 50
10 76 66
74 96 18
39 15 31
12 49 86
71 1 36
40 34 96
75 1 87
35 73 52
75 70 61
4 47 73
42 23 37
2 94 59
25 33 7
97 24 76
59 2 97
85 38 77
38 54 36
70 11 6
75 36 28
24 17 19
45 6 50
66 0 89
28 75 36
27 10 67
48 56 92
6 25 19
34 29 37
57 84 84
74 84 27
94 55 73
90 17 42
51 29 43
12 8 31
2 10 53
43 63 67
37 88 12
51 15 28
31 36 34
59 5 85
63 77 68
70 13 1
74 97 70
31 70 36
68 56 79
46 71 59
100 28 32
51 87 61
61 45 85
36 80 13
66 43 41
0 59 70
5 69 21
49 60 73
50 31 76
99 18 50
22 78 74
43 86 75
55 58 80
58 53 63
54 63 47
81 81 29
54 36 57
36 35 95
14 76 22
78 43 43
60 63 76
4 66 61
88 43 61
19 69 16
89 56 66
96 12 64
50 50 61
21 73 10
82 57 21
69 53 37
32 26 48
33 91 58
25 29 90
63 60 28
27 67 85
58 28 41
27 19 3
89 43 84
26 13 30
1 75 82
77 17 89
92 100 42
33 54 31
28 74 42
74 91 5
69 43 10
48 6 37
98 0 94
60 16 98
22 49 92
71 97 98
49 48 18
15 98 7
96 49 98
70 4 66
66 54 78
11 1 22
36 57 78
13 5 62
27 20 17
46 94 38
39 33 84
5 100 48
88 13 22
25 98 72
89 58 32
10 0 2
26 41 35
92 24 48
19 59 60
30 4 4
53 32 25
57 7 24
58 77 80
92 4 34
36 16 85
53 16 53
91 69 10
83 83 38
79 89 35
43 31 61
29 66 28
14 73 71
36 20 60
61 95 8
49 83 19
42 43 82
26 11 22
96 49 81
85 3 65
72 77 8
92 4 8
90 4 35
40 47 23
9 15 35
63 8 6
56 43 31
27 2 27
33 3 17
38 44 12
63 34 69
31 22 24
5 62 35
25 19 92
19 38 31
40 17 13
5 12 92
19 99 41
92 65 18
93 61 69
72 84 48
84 70 60
50 39 5
74 61 80
92 34 94
29 31 69
38 70 94
24 73 61
4 43 5
84 49 25
57 19 0
64 97 16
36 86 3
63 70 40
59 50 19
81 90 5
46 62 7
23 12 12
41 7 42
27 26 95
60 35 13
67 51 74
95 5 74
90 42 32
36 58 27
89 78 1
63 86 46
14 30 17
31 8 74
44 30 30
28 45 52
71 25 22
40 69 83
73 49 56
15 91 92
9 80 89
47 14 14
44 53 17
100 31 62
35 30 71
84 38 9
95 23 69
51 19 43
49 22 46
8 57 2
95 27 27
80 13 100
44 51 25
21 98 68
82 55 81
8 15 54
57 29 54
95 0 58
25 36 62
20 97 38
17 29 28
3 63 16
1 10 81
76 84 54
49 64 33
74 56 4
29 25 73
78 71 31
35 19 97
53 93 43
55 68 57
48 29 28
35 81 81
52 48 46
67 73 92
60 79 22
70 55 2
90 60 63
35 60 40
24 10 28
60 22 38
39 74 70
41 37 8
16 13 21
54 67 96
33 48 45
42 45 85
33 50 65
23 86 35
55 22 25
83 45 50
53 48 65
51 74 2
19 84 67
40 90 24
61 68 89
95 24 41
39 46 3
44 1 3
52 79 59
53 59 63
17 80 17
40 60 33
68 31 3
32 49 4
92 76 69
16 23 92
31 93 70
58 96 85
87 36 98
66 34 21
81 68 1
87 93 56
81 10 90
50 83 27
69 17 88
34 5 61
82 76 3
80 18 91
59 18 21
51 46 51
38 43 55
1 66 65
89 36 67
85 26 5
15 66 17
26 67 29
35 98 29
3 41 48
16 5 36
44 75 40
83 10 52
18 81 53
36 18 69
100 28 47
30 12 20
30 37 48
44 80 97
42 51 75
90 55 98
12 49 33
22 62 44
70 28 71
39 84 66
21 84 90
78 1 73
93 30 94
48 86 27
37 43 27
2 25 88
46 56 1
31 18 72
59 22 7
46 90 53
11 47 7
56 39 87
97 73 80
41 12 6
71 30 86
64 5 91
51 14 24
93 18 69
20 49 32
40 30 95
27 96 2
69 40 45
49 11 41
73 89 61
36 81 53
77 6 82
57 19 25
21 75 79
6 45 84
0 69 66
0 80 40
77 61 61
93 1 9
10 84 79
66 35 79
84 99 96
56 0 1
36 98 34
67 9 9
69 44 44
0 92 52
13 23 4
25 54 32
67 5 91
6 58 35
25 15 34
1 48 6
23 69 49
64 71 27
7 17 86
76 0 25
77 8 98
87 80 36
1 40 38
53 85 16
82 49 68
49 16 57
5 34 59
13 36 85
62 5 16
81 31 100
65 1 95
60 46 16
15 74 28
21 36 9
17 83 91
93 23 34
59 44 46
27 48 39
100 43 94
12 66 1
22 75 27
36 18 41
80 66 91
79 50 68
68 85 100
7 62 21
55 41 55
50 81 53
6 89 57
58 47 91
89 37 24
50 36 9
21 48 42
90 84 37
31 9 1
78 3 87
41 37 63
19 4 65
94 13 96
90 24 8
71 84 24
34 21 23
0 100 9
95 34 92
50 98 58
7 75 53
73 99 72
76 24 43
97 90 28
17 32 10
40 67 18
45 4 100
70 20 100
76 74 41
32 72 12
78 16 41
89 66 64
63 0 42
41 32 99
37 71 35
98 27 72
86 10 18
69 14 75
8 63 2
100 79 20
61 34 50
83 39 100
4 2 70
66 12 26
74 45 62
40 40 29
75 8 9
43 4 84
80 43 11
46 57 19
57 64 24
78 34 18
56 59 43
55 6 78
29 25 88
65 4 49
47 61 62
59 26 75
41 30 5
47 1 75
20 60 58
6 23 10
64 80 19
35 27 58
91 61 94
65 1 67
42 71 29
5 27 56
35 35 9
60 46 3
29 49 64
57 31 7
75 50 51
3 13 89
94 12 33
2 58 31
75 82 60
46 1 46
7 84 28
56 73 49
88 77 25
38 4 5
54 47 78
6 44 96
51 57 2
78 56 90
19 72 48
2 72 96
8 91 14
40 76 91
25 28 80
82 97 28
9 89 51
59 38 4
62 78 58
9 26 23
83 97 45
90 0 61
49 96 73
28 19 48
30 83 4
32 8 60
40 17 39
78 32 93
85 11 34
58 97 65
32 84 7
25 4 84
36 98 94
17 45 12
40 93 3
22 58 54
11 75 71
40 56 94
88 76 8
39 99 8
12 63 85
57 28 11
67 11 6
27 45 56
95 9 77
82 22 92
68 17 9
25 57 24
72 43 76
74 92 51
51 69 82
80 72 18
72 79 99
80 48 3
31 84 26
94 64 48
44 24 63
48 58 29
80 52 31
28 27 89
37 88 39
34 67 100
30 50 32
54 65 51
4 87 24
39 33 18
48 79 61
79 49 47
62 11 2
28 48 51
74 35 36
2 86 24
52 72 6
58 22 9
29 62 41
5 35 1
39 57 76
49 84 21
98 55 13
78 89 19
73 87 68
4 95 42
3 52 2
7 5 81
91 11 14
80 87 99
77 41 56
74 32 92
39 45 31
18 78 64
70 38 54
8 27 66
80 40 7
75 82 82
24 36 80
79 54 35
63 71 49
55 48 2
90 13 67
55 98 31
95 23 32
75 88 94
4 20 1
25 20 46
75 28 24
79 83 4
90 90 5
16 23 84
4 75 13
91 14 24
47 81 19
8 69 62
13 97 17
18 41 97
17 45 58
34 5 6
57 3 58
4 98 52
21 79 48
43 54 16
3 70 65
43 17 22
1000 3
99 19 39
42 6 91
64 22 29
65 38 24
43 94 58
81 54 43
43 83 79
88 2 17
47 13 62
3 65 49
5 78 77
81 62 6
59 91 11
97 59 35
18 21 77
66 56 9
57 15 49
45 4 99
96 95 22
12 83 46
85 10 75
79 45 14
100 63 10
18 48 66
17 64 29
37 99 15
60 43 39
39 32 74
48 20 98
46 42 96
30 78 71
14 22 29
37 66 29
4 88 14
78 46 52
100 43 76
60 6 70
11 65 71
0 82 3
21 98 61
83 97 97
73 74 12
89 65 99
12 38 93
35 59 75
50 32 1
15 67 57
26 81 77
64 78 66
41 19 95
17 84 10
44 36 6
46 44 32
18 9 9
3 15 56
56 47 85
92 99 54
19 91 54
14 33 16
93 63 31
42 95 62
32 98 6
32 18 52
29 36 4
49 71 37
37 45 98
11 2 72
45 43 55
66 42 7
81 40 63
49 40 53
29 39 14
85 99 96
88 26 3
55 20 5
68 54 84
49 88 27
47 37 34
91 17 7
90 66 35
80 16 78
93 14 4
46 70 60
86 18 23
19 14 70
59 81 91
3 82 90
28 15 23
72 26 27
76 36 38
83 12 62
31 1 5
47 98 20
5 48 18
43 24 24
30 20 34
42 20 80
18 73 89
56 87 29
35 52 82
41 60 43
0 64 100
72 70 68
77 78 81
67 66 95
43 73 2
86 41 23
95 83 99
18 19 62
38 89 24
45 70 28
0 12 40
88 85 61
26 2 61
69 73 42
63 26 76
34 50 68
93 48 98
54 74 57
25 92 31
66 99 72
25 13 98
7 10 97
4 16 83
55 4 58
31 92 2
94 39 83
96 14 10
30 36 41
62 14 28
99 99 39
30 7 94
68 87 53
84 18 76
100 24 69
34 25 59
10 50 75
95 88 100
73 3 66
85 10 0
63 76 42
0 56 11
76 4 11
84 9 95
50 85 8
90 45 60
78 1 74
15 97 0
69 89 30
82 58 58
74 70 56
82 59 54
39 65 52
36 59 86
77 62 87
29 81 47
2 87 82
76 28 10
43 20 5
8 73 80
38 10 77
20 49 62
14 58 35
48 86 26
33 42 39
73 56 53
12 53 60
47 96 24
90 47 13
55 91 12
70 42 8
26 63 55
95 18 77
2 22 40
25 82 19
21 77 72
69 42 27
67 96 2
44 57 46
6 76 80
75 77 66
20 59 92
35 21 52
27 49 44
52 94 75
30 35 26
6 91 0
36 13 13
88 92 62
19 82 7
17 8 51
40 8 94
17 80 100
57 48 68
93 3 38
42 33 77
25 25 49
99 46 66
10 63 68
39 92 35
49 80 19
83 53 15
98 71 14
62 87 98
83 72 24
26 44 75
15 19 94
78 10 34
0 18 92
37 87 82
44 1 25
71 63 79
36 68 63
33 36 80
69 3 78
94 95 63
32 94 35
37 97 13
23 13 11
39 35 85
10 50 75
47 80 41
81 11 32
14 70 86
55 99 93
51 76 86
5 62 32
84 30 100
37 74 68
6 69 85
46 85 90
94 77 86
100 19 41
20 69 33
34 8 65
4 55 69
58 26 65
69 89 41
63 49 90
32 65 27
95 45 37
2 56 92
78 29 96
54 11 99
83 68 45
87 66 36
58 90 92
1 90 38
44 95 8
67 87 8
71 49 94
63 27 79
3 28 19
11 33 4
100 7 58
40 19 100
8 32 40
82 16 78
70 56 86
7 58 7
7 92 13
44 19 69
60 63 58
59 19 94
48 48 28
74 78 8
31 19 30
93 67 7
83 24 30
73 82 13
17 96 12
84 55 76
26 24 53
88 65 66
47 43 87
85 11 51
75 62 41
21 64 67
92 52 4
23 74 33
66 81 31
49 45 100
49 8 26
46 6 72
74 59 100
13 38 93
20 32 16
79 55 98
58 38 53
80 18 77
87 94 2
22 62 71
77 89 55
30 6 84
76 69 32
85 87 69
56 53 0
13 2 18
95 73 39
35 1 70
81 61 85
95 19 54
78 28 65
52 87 41
40 37 72
70 20 93
68 62 87
48 80 22
35 59 47
66 88 39
81 17 21
64 89 51
68 51 95
100 87 45
29 50 33
66 13 85
29 40 99
55 21 39
25 14 53
36 2 40
67 0 100
65 8 42
42 35 44
47 85 65
90 86 97
85 97 71
6 98 39
100 38 4
78 21 79
66 68 58
58 4 12
52 62 70
33 95 86
51 11 21
66 55 59
32 81 8
4 45 55
46 24 31
82 39 18
69 56 29
74 60 17
77 69 40
100 93 47
30 81 71
21 96 17
36 79 14
37 24 87
57 59 24
56 20 92
9 32 36
45 84 6
67 64 93
21 92 18
15 94 44
66 99 64
97 8 32
95 8 22
75 39 46
57 58 86
81 50 70
38 27 11
3 21 29
56 77 41
3 20 22
70 49 26
16 25 28
65 41 60
82 34 55
81 58 48
53 1 20
91 91 34
26 63 76
32 36 89
11 49 88
28 89 93
37 85 11
2 31 18
31 65 60
73 71 30
21 91 29
71 0 90
51 25 52
2 96 39
17 58 47
92 71 6
11 83 80
41 81 29
30 39 64
86 96 18
38 28 47
27 29 61
64 87 74
41 62 14
83 18 8
94 35 96
47 45 60
66 89 93
10 42 14
24 45 60
34 18 97
44 43 9
63 79 15
51 51 6
70 33 7
13 17 33
19 88 53
25 52 69
31 52 71
1 20 2
65 94 35
2 47 40
45 36 9
20 4 52
14 9 63
87 89 83
80 96 72
11 70 28
15 68 60
100 27 56
88 63 8
15 22 53
14 28 60
50 14 81
65 30 4
17 57 51
80 91 8
33 10 16
27 68 13
99 53 3
81 27 33
99 14 43
85 6 15
94 39 58
59 66 96
92 88 35
32 96 19
9 34 12
87 11 92
0 44 94
96 83 71
32 84 60
27 39 43
98 77 40
68 23 77
12 49 74
93 20 90
48 100 7
82 99 31
0 51 9
59 30 19
8 29 49
79 36 28
28 66 87
13 75 86
95 43 81
44 96 29
64 35 68
67 50 97
64 99 80
96 38 75
50 23 73
20 31 74
78 90 51
63 4 87
64 16 80
43 75 95
8 60 56
57 1 87
27 22 84
79 5 82
40 50 24
28 76 25
89 100 65
58 65 75
39 99 28
15 45 44
2 17 74
33 54 90
73 4 95
12 85 55
58 34 86
77 43 19
97 83 85
40 38 34
39 7 57
81 1 93
66 89 71
26 56 55
74 33 53
51 26 13
76 14 76
34 7 94
16 55 6
80 91 17
32 25 74
3 92 66
63 31 76
14 84 89
1 31 62
1 17 76
65 40 36
88 12 6
80 69 32
19 79 88
35 64 5
76 84 16
39 43 88
81 32 11
61 44 86
92 17 79
84 37 62
50 69 25
94 85 23
71 62 35
91 5 74
63 44 61
86 30 63
86 29 6
74 33 50
68 90 21
94 45 82
53 2 22
86 3 43
48 72 33
16 47 87
70 87 3
34 89 2
87 82 44
75 29 49
23 35 7
40 13 95
63 99 13
25 86 99
63 1 81
35 69 21
37 100 75
85 27 71
26 88 68
64 76 54
11 28 95
34 31 56
91 45 8
36 11 10
65 75 44
70 38 29
25 0 53
1 46 45
21 83 92
33 98 73
2 63 61
51 44 31
62 32 95
66 70 27
52 36 1
56 21 66
100 79 5
96 60 47
15 37 7
38 74 34
73 3 38
55 24 83
56 92 8
65 7 10
36 17 94
22 90 45
46 56 28
11 1 82
11 35 12
95 32 78
44 17 84
38 23 61
41 26 52
42 84 49
42 16 35
25 100 96
76 24 97
47 79 98
16 27 99
40 17 56
60 79 10
36 99 0
63 51 9
36 86 9
16 55 77
57 61 33
85 95 8
86 95 43
78 100 90
92 21 57
87 8 53
34 55 64
81 75 13
95 21 7
79 8 73
14 50 86
56 82 3
9 53 87
59 16 14
65 73 70
17 98 80
14 47 41
91 93 15
13 1 60
27 6 77
53 6 94
31 37 91
3 53 79
47 0 60
79 1 20
57 85 55
34 34 42
34 11 59
98 14 53
56 83 77
31 76 16
18 43 6
44 46 60
93 50 17
22 29 9
52 16 57
0 8 19
68 34 97
58 7 26
21 75 46
11 11 93
82 33 39
58 39 39
13 23 98
51 69 70
59 37 0
74 73 67
66 91 17
33 45 62
76 26 12
42 63 94
82 69 43
77 25 10
44 71 71
37 97 21
92 21 35
0 6 61
70 82 28
35 76 24
26 66 9
91 94 72
19 34 13
2 63 82
60 30 1
44 98 79
85 67 13
80 80 57
36 7 5
51 52 29
4 62 69
85 90 92
53 28 5
33 14 97
91 5 86
18 18 56
26 44 35
91 23 76
74 87 93
22 45 78
73 19 23
50 54 86
20 20 7
3 18 94
2 9 1
32 16 28
82 96 17
50 66 80
1 19 3
4 20 40
30 76 54
97 84 28
44 72 19
11 46 94
71 23 27
96 2 44
79 52 63
53 90 19
62 33 19
46 59 83
52 61 79
89 48 77
97 56 67
79 71 88
70 62 10
40 24 1
26 0 88
36 54 1
80 83 32
14 12 37
90 3 89
71 76 2
43 50 98
34 6 38
37 72 46
78 58 19
86 24 45
36 8 96
47 13 5
93 20 21
39 16 95
19 45 49
2 16 66
87 30 27
9 7 64
83 83 31
64 38 63
45 37 52
92 90 68
37 11 38
52 83 15
50 59 85
53 4 35
64 56 85
49 92 46
27 60 34
37 63 77
66 36 7
76 29 63
62 43 68
87 45 22
15 84 20
94 85 92
76 5 54
31 94 10
4 49 37
34 0 44
72 89 65
33 59 99
10 53 54
44 30 15
17 93 6
37 52 52
10 13 93
8 76 48
41 54 53
55 21 63
63 60 48
22 53 67
69 19 81
32 29 90
42 22 93
72 0 51
64 20 9
87 32 91
25 75 69
81 59 54
82 67 65
74 9 85
84 60 68
76 51 27
64 46 13
14 19 37
71 65 25
90 95 37
25 42 69
80 9 68
91 30 93
29 85 54
6 97 29
25 70 58
81 51 36
50 22 62
0 38 9
96 54 65
13 12 90
74 44 73
69 8 83
98 41 64
24 30 40
72 71 78
29 15 85
26 14 80
84 16 10
8 95 59
58 86 5
68 21 52
61 25 81
12 18 86
13 68 6
86 82 81
91 64 67
74 48 47
78 85 93
26 19 13
94 4 47
26 59 9
60 80 7
83 15 69
49 13 50
90 73 73
48 13 53
3 40 64
62 58 70
44 64 21
66 71 40
98 11 48
74 34 16
51 65 7
22 27 11
77 8 2
31 56 55
96 79 25
41 87 45
32 37 16
71 14 33
54 62 83
17 33 80
28 29 66
26 37 7
79 75 85
100 83 97
99 18 4
64 61 42
23 65 20
54 29 71
29 39 1
54 46 72
80 13 98
39 23 83
79 31 35
15 6 91
6 27 94
43 33 55
99 45 88
40 91 15
60 16 46
32 41 22
14 2 55
90 28 76
25 0 77
38 1 53
93 13 45
50 49 62
95 78 0
83 83 23
58 91 10
10 39 16
10 8 80
85 2 31
9 24 55
69 91 28
18 29 84
40 82 56
43 50 18
95 82 93
0 9 53
88 25 49
13 84 10
71 15 65
59 24 23
88 45 48
100 68 14
52 47 57
64 24 51
56 69 70
20 74 86
81 80 70
83 95 50
95 0 72
35 20 16
70 59 72
9 90 86
7 17 8
69 3 87
5 44 23
11 83 14
81 3 92
12 60 70
17 59 87
76 3 47
86 52 16
50 14 12
97 18 27
71 14 8
84 66 85
85 21 24
9 68 85
7 99 96
70 84 45
93 54 50
64 58 41
57 55 13
94 91 53
79 97 59
44 61 90
69 86 76
4 98 19
9 96 76
19 45 23
78 18 39
54 39 75
28 49 100
3 79 36
5 10 97
83 94 10
98 63 9
70 14 3
63 67 53
70 91 74
43 1 66
63 69 69
24 22 79
91 18 84
29 87 5
63 32 99
47 46 43
58 2 97
50 25 0
18 9 100
95 81 79
23 13 66
38 18 4
58 28 4
55 43 87
51 72 83
86 47 32
73 45 57
67 38 99
68 42 3
70 47 2
84 90 99
87 44 52
22 61 85
51 34 54
5 70 42
99 73 11
39 7 97
41 100 40
20 69 93
9 14 66
48 85 51
12 48 21
55 55 61
70 18 56
97 54 52
69 99 30
67 81 41
16 54 51
96 30 54
55 43 21
41 66 89
80 88 60
67 94 77
61 25 43
80 78 86
95 24 7
33 85 23
95 83 91
61 86 98
83 78 46
4 1 81
67 60 100
59 95 26
37 17 89
83 81 92
79 63 65
74 15 6
52 52 74
57 18 5
44 92 50
20 40 29
29 39 77
6 23 81
90 18 72
13 87 31
49 97 80
58 77 19
1 74 57
68 36 2
37 70 100
8 98 77
8 17 27
94 89 48
16 52 98
51 74 48
70 36 53
1 77 16
44 75 76
62 36 10
11 81 27
37 52 95
78 46 43
78 52 11
45 22 58
22 37 2
1 66 84
88 98 69
9 31 41
70 0 43
69 73 23
40 57 82
52 9 98
64 54 73
99 56 88
41 28 64
78 40 56
