27
78 98 18 8 29 71 53 40 28 71 90 87 25 94 19 81 20 19 31 75 56 60 86 29 83 8 44 
60
67 79 15 50 7 90 71 57 42 72 68 42 90 91 90 10 80 99 36 3 49 68 29 77 12 94 44 100 67 50 74 70 7 7 6 26 92 61 80 85 72 1 44 4 74 81 9 69 86 55 49 91 63 92 23 21 25 81 21 42 
96
6 55 62 90 89 47 79 25 61 93 10 50 27 6 8 56 73 37 45 3 9 42 48 77 69 46 63 12 41 18 4 89 84 50 3 75 6 21 58 46 89 63 99 6 54 6 33 93 87 77 25 24 79 58 70 23 57 38 43 47 29 98 60 8 11 32 40 88 42 98 74 47 68 50 93 35 86 47 16 91 94 71 10 71 15 29 17 49 5 13 10 11 34 10 48 68 
72
44 94 84 52 38 35 32 39 89 82 97 67 61 27 39 20 68 10 33 74 81 10 52 49 62 91 81 20 33 68 98 36 7 32 55 62 30 41 57 30 21 65 20 8 2 29 42 11 23 83 35 16 92 32 10 9 43 90 31 83 97 42 79 89 80 34 53 62 82 57 59 21 
96
87 28 94 79 10 18 96 32 97 96 37 70 24 52 93 29 24 71 23 58 28 5 40 96 56 66 53 61 70 56 47 38 2 45 41 99 91 5 62 1 98 35 100 8 24 23 60 27 56 40 43 33 10 18 16 31 35 15 67 24 36 49 61 76 13 96 73 83 51 54 47 40 76 6 43 93 34 81 92 90 58 46 53 26 94 13 67 32 50 14 8 86 100 91 4 14 
96
67 14 18 98 64 41 69 2 60 68 70 82 99 55 41 15 24 59 32 90 61 59 88 26 52 48 88 37 80 2 96 44 15 92 42 36 85 89 13 21 45 52 71 54 38 1 13 21 16 10 36 97 56 13 30 97 42 30 89 51 30 35 11 89 61 38 55 62 48 87 72 60 12 39 23 36 69 72 45 19 21 53 81 44 1 37 27 81 34 35 46 7 7 69 83 80 
86
53 78 3 1 87 53 55 75 8 39 76 47 27 50 94 43 78 4 54 20 91 22 2 42 11 35 32 89 90 11 6 14 9 91 80 72 25 4 22 49 81 94 76 10 77 16 8 82 3 92 11 49 54 36 30 44 10 23 78 7 72 72 38 59 46 29 40 41 24 47 18 79 40 49 74 45 23 2 72 38 89 31 27 40 60 93 
14
54 56 2 62 69 73 46 56 37 7 53 95 100 61 
42
18 75 46 59 65 52 17 45 2 43 64 90 47 97 63 92 85 50 4 58 63 3 37 88 53 63 74 14 81 93 64 31 35 82 23 37 10 83 63 20 67 30 
27
99 38 36 100 73 42 74 19 92 49 16 98 26 31 51 29 89 35 12 85 53 64 76 2 15 92 5 
0