7
-1000 -1001 -1002 -1003 -1004 999 1000 1001 1002 1003
1004 1005 -999
5 0 0 -9 -8 -7 -12 5 -9 123 -99 -999
-100 -52 -100 -123 -100 -52 5 9999 -100 -52 -100 -123 -100
-100 -123 -100 -52 5 -100 -52 -100 -123 -100 -52 5 9999
-100 -52 5 9999 -100 -52 -100 -123 -100 -52 5 9999 -100 -52 -100
-123 -100 -100 -123 -100 -52 5 -100 -52 -100 -999
-1000 -5000 -2131 12 12 5 10000 -999
-9 -99 -99 -9 9 99 999 999 99 9 -999
41 -6334 -19169 -11478 -26962 5705 23281 9961 -2995 -4827 -32391 3902 -292 -17421 19718 -5447 -14771 -1869 25667 -17035 28703 31322 -17673 15141 -28253 -25547 32662 20037 8723 -27529 12316 -22190 -288 -9040 -19264 27446 15890 -24370 15006 -24393 19629 -24084 -18756 -4966 -13931 16944 24626 -5537 -16118 -999
1 -4 -9 -8 -2 5 1 1 -5 -7 -1 2 -2 -1 8 -7 -1 -9 7 -5 3 2 -3 1 -3 -7 2 7 3 -9 6 0 -8 0 -4 6 0 0 6 -3 9 -4 -6 -6 -1 4 6 -7 -8 -999
