11
101 303
941 257
2 67
8 29
12345067 7654321
1874 91204
7580870209 26791798
902176345999 197823654
9331576856 910180694
1046735648 29948532
48692929293129823948437786313557248939813901283909847913861361463844556125630843065784127486508746515685165861582928374924297239492387492748928466754376547635147594152640149615950715897957015491457945 12736346518341818934913740148971903471098374910374139084764816414149317401041497194781034174104178561783461430146184368106846813461414816478134610746180715836503561805761057165810561051633580103410354