5
5
41 18467 6334 26500 19169
30
1 2 4 8 16 32 64 128 256 512 1024 2048 4096 8192 1 2 4 8 16 32 64 128 256 512 1024 2048 4096 8192 16384 16384
50
15724 11478 29358 26962 24464 5705 28145 23281 16827 9961 491 2995 11942 4827 5436 32391 14604 3902 153 292 12382 17421 18716 19718 19895 5447 21726 14771 11538 1869 19912 25667 26299 17035 9894 28703 23811 31322 30333 17673 4664 15141 7711 28253 6868 25547 27644 32662 32757 20037
300
859 723 741 529 778 316 35 190 842 288 106 40 942 264 648 446 805 890 729 370 350 6 101 393 548 629 623 84 954 756 840 966 376 931 308 944 439 626 323 537 538 118 82 929 541 833 115 639 658 704 930 977 306 673 386 21 745 924 72 270 829 777 573 97 512 986 290 161 636 355 767 655 574 31 52 350 150 941 724 966 430 107 191 7 337 457 287 753 383 945 909 209 758 221 588 422 946 506 30 413 168 900 591 762 655 410 359 624 537 548 483 595 41 602 350 291 836 374 20 596 21 348 199 668 484 281 734 53 999 418 938 900 788 127 467 728 893 648 483 807 421 310 617 813 514 309 616 935 451 600 249 519 556 798 303 224 8 844 609 989 702 195 485 93 343 523 587 314 503 448 200 458 618 580 796 798 281 589 798 9 157 472 622 538 292 38 179 190 657 958 191 815 888 156 511 202 634 272 55 328 646 362 886 875 433 869 142 844 416 881 998 322 651 21 699 557 476 892 389 75 712 600 510 3 869 861 688 401 789 255 423 2 585 182 285 88 426 617 757 832 932 169 154 721 189 976 329 368 692 425 555 434 549 441 512 145 60 718 753 139 423 279 996 687 529 549 437 866 949 193 195 297 416 286 105 488 282 455 734 114 701 316 671 786 263 313 355 185 53 912 808 832 945 313 756 321 558 646 982 481
495
4144 23196 20222 7129 2161 5535 20450 11173 10466 12044 21659 26292 26439 17253 20024 26154 29510 4745 20649 13186 8313 4474 28022 2168 14018 18787 9905 17958 7391 10202 3625 26477 4414 9314 25824 29334 25874 24372 20159 11833 28070 7487 28297 7518 8177 17773 32270 1763 2668 17192 13985 3102 8480 29213 7627 4802 4099 30527 2625 1543 1924 11023 29972 13061 14181 31003 27432 17505 27593 22725 13031 8492 142 17222 31286 13064 7900 19187 8360 22413 30974 14270 29170 235 30833 19711 25760 18896 4667 7285 12550 140 13694 2695 21624 28019 2125 26576 21694 22658 26302 17371 22466 4678 22593 23851 25484 1018 28464 21119 23152 2800 18087 31060 1926 9010 4757 32170 20315 9576 30227 12043 22758 7164 5109 7882 17086 29565 3487 29577 14474 2625 25627 5629 31928 25423 28520 6902 14962 123 24596 3737 13261 10195 32525 1264 8260 6202 8116 5030 20326 29011 30771 6411 25547 21153 21520 29790 14924 30188 21763 4940 20851 18662 13829 30900 17713 18958 17578 8365 13007 11477 1200 26058 6439 2303 12760 19357 2324 6477 5108 21113 14887 19801 22850 14460 22428 12993 27384 19405 6540 31111 28704 12835 32356 6072 29350 18823 14485 20556 23216 1626 9357 8526 13357 29337 23271 23869 29361 12896 13022 29617 10112 12717 18696 11585 24041 24423 24129 24229 4565 6559 8932 22296 29855 12053 16962 3584 29734 6654 16972 21457 14369 22532 2963 2607 2483 911 11635 10067 22848 4675 12938 2223 22142 23754 6511 22741 20175 21459 17825 3221 17870 1626 31934 15205 31783 23850 17398 22279 22701 12193 12734 1637 26534 5556 1993 10176 25705 6962 10548 15881 300 14413 16641 19855 24855 13142 11462 27611 30877 20424 32678 1752 18443 28296 12673 10040 9313 875 20072 12818 610 1017 14932 28112 30695 13169 23831 20040 26488 28685 19090 19497 2589 25990 15145 19353 19314 18651 26740 22044 11258 335 8759 11192 7605 25264 12181 28503 3829 23775 20608 29292 5997 17549 29556 25561 31627 6467 29541 26129 31240 27813 29174 20601 6077 20215 8683 8213 23992 25824 5601 23392 15759 2670 26428 28027 4084 10075 18786 15498 24970 6287 23847 32604 503 21221 22663 5706 2363 9010 22171 27489 18240 12164 25542 7619 20913 7591 6704 31818 9232 750 25205 4975 1539 303 11422 21098 11247 13584 13648 2971 17864 22913 11075 21545 28712 17546 18678 1769 15262 8519 13985 28289 15944 2865 18540 23245 25508 28318 27870 9601 28323 21132 24472 27152 25087 28570 29763 29901 17103 14423 3527 11600 26969 14015 5565 28 21543 25347 2088 2943 12637 22409 26463 5049 4681 1588 11342 608 32060 21221 1758 29954 20888 14146 690 7949 12843 21430 25620 748 27067 4536 20783 18035 32226 15185 7038 9853 25629 11224 15748 19923 3359 32257 24766 4944 14955 23318 32726 25411 21025 20355 31001 22549 9496 18584 9515 17964 23342 8075 17913 16142 31196 21948 25072 20426 14606 26173 24429 32404 6705 20626 29812 19375 30093 16565 16036 14736 29141 30814 5994
