5
5
-1750 -1630
5016 5097
7958 4341
9118 -7780
-1821 4522
10
-7371 -2641
4223 -3945
-4049 -1557
-9975 2617
9644 7490
1208 1857
-3333 -4035
-7520 -1874
2594 1335
-7536 6561
500
-8577 -9687
-9537 -9011
-5776 -6683
5641 -7634
-6320 9479
8308 -2117
2051 -4984
-9224 -4065
-8236 -3979
8510 -1404
-8132 -7072
7815 -8719
-154 1557
9265 3094
6193 -5840
-7530 -8348
-5066 3661
9717 -4989
-2966 -3776
853 6142
7110 -2522
2919 6914
-4699 -2917
-308 2087
2574 813
2039 4750
2387 5905
1300 -756
377 -523
-9560 -1467
-2855 -5930
-1861 -5155
-5274 -3277
7156 -5013
4592 -5887
5987 -1265
-2232 -3840
-7611 3653
-8923 6158
-7773 -6150
-538 -4453
-4356 -3970
-6055 6749
-3867 -4293
252 -7643
-3346 -9498
-7870 -5455
-3577 -9549
-4712 4067
-5534 1805
-8760 7346
8666 2534
-2563 1919
405 -7988
2345 -7861
6566 -6722
-1372 -601
438 -7971
790 -4147
-5212 4422
2742 -2419
9098 -6466
2099 -5335
3970 -657
-1005 -3291
9417 -3469
-7173 -3654
7907 -114
-8049 362
-1569 6080
5274 -9479
-7716 -5477
-4145 2458
-4692 8051
7601 -8025
-8872 -9836
7313 1749
-4955 1272
-490 -889
1589 -7656
6113 2114
4784 -2366
-6063 -7327
-7579 -2003
-3900 777
4012 -951
3072 2400
-5810 1690
-2415 -4902
-7546 -7033
-1133 1172
3178 -8499
243 -4859
9541 -774
17 -143
-217 -2089
-3512 2496
-7808 -4539
-6575 2415
-4920 1259
-6811 -27
-4766 7054
-5086 -3832
1250 -7325
2608 5840
-9843 -8639
-4956 -4899
-8576 9723
-1531 -9979
-6284 -4148
-6451 7249
5984 8915
-4910 3752
-8960 3298
6117 2796
-8780 6161
-4518 -1564
-9268 -1896
-4054 4121
-6174 4701
2069 -2043
-5528 -310
-1908 -8984
-6716 -7325
5743 7869
-3526 -8521
-1230 -2771
-8215 -9675
-7995 995
-5960 -6463
-4429 -8896
338 -8089
2059 335
-4785 4846
1118 -6917
7510 4945
-2232 -8833
4767 -950
-6829 -993
-9666 2000
9240 -6154
5565 9379
-4153 -6961
-8759 2597
7977 -1448
-16 -4021
-5916 -2541
-1143 -2956
-2881 -2642
1173 -9895
-9721 -4522
2052 7142
-8911 -5592
955 712
-7520 9225
-6155 -5176
-4278 -4906
3751 -841
-6314 -3714
2568 -22
-2200 9966
-4559 -2168
992 4813
7361 -9951
2752 4874
-59 -5887
1389 -3438
-5866 -6715
1304 -6937
9027 -4947
4189 -9811
-7983 9299
-2933 -4793
-129 604
-2843 8641
911 -2260
-311 -7537
7522 -9057
-1169 -5514
1667 -1259
-6604 -5303
5095 3437
-8232 -40
-9869 -8075
36 -5501
2751 -4607
-2032 -9515
-2790 -2630
-9724 -7473
-3922 -1863
-7363 -2622
5573 6645
-8557 -9214
2187 4568
-1127 -4905
-3786 -8039
-4156 -6603
1828 357
-3153 -3410
7812 -5665
-8738 -3002
1976 6923
-7774 -8472
-8519 -7995
-2531 3544
2299 -873
-6458 -4632
-8910 -3222
1519 7822
405 -7395
-6107 854
7906 -5964
312 -1548
3107 -973
2491 -4259
7408 -1653
9614 -873
7093 -7757
6875 -6898
-6187 7195
-1347 -7736
1774 4509
-9048 -9989
-9377 950
-7579 1213
9223 -876
-9060 -8420
-9424 3087
-1705 9328
-4788 -8996
-9467 -6002
-6689 -9952
2076 4830
-962 -8638
-2206 -4945
-7114 -7579
654 -6391
-3409 -9068
2986 5379
-7438 -8705
-9924 -2186
9002 -5467
-6970 -78
2215 -8974
-9749 -5296
-7800 -277
2610 6311
-7622 9319
-4784 -1661
4827 8928
2369 -2701
1540 -3510
950 -9982
-8921 -316
-3498 7304
-3306 2669
-1698 -4607
644 -7815
-853 -1410
-9489 5252
-9318 -7525
-258 -8443
-9203 466
-9913 4295
-8207 2030
-747 1460
6718 -1886
9544 3699
9374 2074
8413 3924
-142 -14
-7504 -3511
2193 -7994
-7169 -4393
2547 -1334
-7151 -275
-8019 -3013
-1482 -8011
-5795 -2922
-5615 -3095
-4152 5799
3187 8423
-8766 -4156
3594 -633
-6354 -2117
-7686 -5779
-8153 -6775
-6390 -4805
-4194 -8915
-1374 1896
-7547 -1475
5236 -8874
-2804 -8201
9753 -3327
-4855 2362
2909 4564
7613 -9546
-1954 1152
-491 -31
80 2607
1070 -3540
7045 -8682
-3395 4117
3371 -3286
7245 -3649
7798 -3372
-2102 -5089
-1088 999
-9346 -3081
-6482 -6863
2970 -2936
4693 -8751
-5864 -8445
-6980 -4376
2174 1730
-7676 787
9606 -1195
-9818 -4936
-9605 895
-5189 -7234
-4730 2434
-5502 -8286
-7190 -2601
2045 -4696
-1587 1571
-2339 -8146
-9768 -1401
-1536 1959
353 1111
1687 -2009
295 -9267
-2195 -4934
-3203 7902
5381 -4518
-5173 6317
-7645 1633
3761 -6817
7886 2011
-9075 -4369
1428 -7905
-4961 -3037
-9425 -4832
-9013 -1089
-7354 -2817
3551 2040
-5673 6276
1974 7723
-9068 2093
5308 -2353
-8693 7237
1939 -5719
-9878 4312
-3819 -5570
3203 1478
1947 -9618
-8148 -2313
-1475 -9249
-7734 -2706
795 -4456
7056 3969
-8324 -2449
-7166 8680
-8716 -4795
1343 -2157
-4309 -3312
-7297 2401
5276 -8487
4697 -4402
6651 8456
-3769 -212
-2917 -3044
-7730 6646
-8017 -5729
-7783 2625
-8817 -8358
3973 -2380
-514 -5467
-7582 5274
-6199 -5951
-2696 1013
-6382 -9878
-5143 -2315
-114 -7961
-8714 4073
8875 -6013
-3931 181
-3721 -3743
-6976 101
-9123 6380
-1247 -7040
7953 -2355
2605 1697
-7602 3552
-3937 -6462
-3395 -2039
4007 4090
-8423 -509
1906 7209
-3215 8249
-5205 -6191
-5555 -1031
-7646 -5624
981 325
6924 1899
-4210 -3156
-6484 -5260
-7129 -4871
-6447 -913
947 2698
63 1130
2743 -988
1875 -6645
-1753 -4444
7457 -3034
1260 5369
2591 -4561
7305 -6671
808 429
-4162 -9807
3706 -4784
-7572 4648
-1311 -955
1978 5734
2648 2631
2487 8202
-5972 2040
-3231 -8967
-2812 -3888
9125 -1706
9502 -4108
-5432 1454
-6565 7851
9286 3442
-610 -6195
-7463 -3669
-9967 -8514
-1155 -9239
-3000 -5638
-5487 -8836
-5654 -2736
5024 3815
-4658 -6796
-799 -2702
-3006 2384
4827 9663
1041 -741
-531 159
3014 -1812
-5426 -7866
-9556 -7088
-1264 -9028
-3271 -2373
-1782 5365
-2742 1051
-3242 4260
1104 -2125
-5545 -3029
-6997 -3801
-2400 -2698
1430 -5709
3857 2537
1155 -1951
227 -7562
9480 155
2471 -8556
4091 -4739
-3639 -2516
-2918 -113
4379 2326
3278 2418
5423 -7612
-5999 -8552
3492 -2915
-1747 -9991
-4506 -19
-1369 -3326
-2929 4538
9468 -4879
-2926 378
2378 -4289
4634 2628
-1774 -4227
-2226 -6236
8540 3
-2025 -8045
-9507 -6364
-2971 -5946
1045 -5082
-4497 4485
8411 -1743
-7622 3263
893 8165
-6788 -260
6146 5201
-8254 -6637
-6285 -4927
3374 -3842
9593 6776
-4859 8842
-7288 -6498
1000
-9688 4851
9341 -5476
-1472 7824
-7292 -2682
-1024 7019
-5890 9207
2022 1748
-8096 1187
610 -4106
-2561 5961
7482 -855
6891 2249
589 -8278
2713 -7531
-3402 -8184
6438 -8599
-7724 -3008
-3656 2303
-3320 -7668
-3609 -2369
9214 -3785
-708 -4235
-304 -8204
-9415 -9115
-7289 1039
-2630 6947
-9277 -7228
7770 -4962
-3939 -7312
2649 -4
-6517 -9851
5180 -3188
-7356 -8127
-4203 -8392
-4092 -2656
-1883 1402
4946 49
-4320 -6224
-8895 903
15 -2733
6388 -4175
-6725 -4892
7717 -6803
6377 -6040
9159 4408
-6687 -4394
9706 5832
6868 -9970
-7456 3902
-9155 -5523
-6786 -74
-8089 7966
-2748 1249
1071 5427
-5471 9397
7435 4756
-7439 -6045
-8661 2038
-4856 1130
2431 -8368
9907 1450
-838 -4277
6845 -8005
-6411 -9320
3759 2239
-7593 2054
3260 2741
-4045 -7852
-3204 6223
-6189 -4156
-1321 -2329
2548 2640
37 45
-15 3969
-8813 -4348
7045 -9378
681 -5170
-341 1410
-6486 1829
9896 -7823
4891 -7508
4715 -4340
519 1285
-172 2563
-2334 -9404
-7213 -5205
-6227 -1053
-782 -9840
-4486 7927
-6282 77
1072 1443
6561 57
-3791 -2452
-6884 -1628
-5702 1358
-1036 -2110
-7574 -3283
-7454 -5977
9895 -3346
-4433 -3916
-6467 -794
-9801 -3311
-8471 -2414
1005 5884
-1962 649
352 -4127
453 -9520
-1283 -9910
9106 -6483
-1611 2488
-4716 2206
-799 3283
741 6186
-6013 510
3332 -2761
-7858 3375
-9577 -6658
-2904 -6658
-7596 -291
-9906 -3365
-8222 -2292
1017 -187
-741 -1359
-9055 -8104
-2891 1399
415 -4025
-8702 -3939
-6825 -693
3796 -5845
438 -9638
1509 -4662
-4552 -3877
-7754 -3723
-6003 8441
-1642 -4662
2204 -2506
-6746 582
-2615 -7774
-3846 -3664
371 -2324
-2462 9076
6369 2296
-1334 5747
7615 5170
-6561 -2440
-8925 -5470
8307 5007
-4459 7041
803 -5039
-6962 -4149
-5449 -5437
608 -2667
-3127 -5568
-1098 -9152
-8694 6804
2749 -4882
-8863 8106
-4956 -7052
9685 8616
-8288 -590
-6131 2554
-3309 -9697
-5354 -8564
-2290 -2904
-2522 -8900
-5868 6843
-6818 -5233
2112 -6722
9397 -8062
6634 3590
850 -8348
-3705 -1531
-7302 -7965
5775 -6557
-9077 388
-1182 -9488
-5592 -2729
-9683 -2087
182 -7350
-6902 8281
-3994 -9923
-3962 -8206
2421 -2763
2150 1788
-4528 -8843
-3348 -2531
2427 -1910
1687 -4230
-6796 -9146
5674 -9908
4916 -3153
-786 -8169
-4970 6297
3833 3927
539 -495
8081 -3621
-6452 -741
-244 -3209
-8062 -9441
5850 -3499
-669 -9569
-1659 -3092
2414 -4915
-1769 -2220
-2312 3770
7933 -7848
-4297 -622
107 -6100
9760 -9338
-3104 -9375
-7156 -9846
-6805 -1801
6849 -3072
-7634 1491
-7090 -3852
-4734 -9614
-4138 -8214
-5604 3740
1456 1045
7694 1820
1838 -791
6289 -946
8830 -5037
-8831 -6182
-3954 616
2473 4929
-4269 -6117
1441 -1195
5003 -3885
-203 -5970
-288 1020
-3384 -9798
-7696 924
825 -2796
-3828 -9398
-3995 -6535
-6306 -5190
7789 3799
-6961 -9349
697 -4761
-9081 8389
-5923 -7140
-3434 -7187
-8326 -2948
-5006 -8164
-9784 8879
994 -7745
-8652 -1802
-4517 -8929
1413 1181
-855 595
6019 -7916
-816 -8107
25 7866
-3117 -909
-7782 -8229
9301 9895
-3166 -3843
-1314 1897
-9249 7285
1696 -2749
-9360 -9313
-5862 837
-468 -2355
-4355 6362
-1210 4191
2766 -8677
-9712 5300
3820 -6238
-3330 -8160
6578 -7006
652 -3649
-1538 -9739
-7422 -9879
-301 -9387
-3081 -9593
4027 -6960
8628 -5723
-1966 -6026
-9062 5608
2623 -7083
3367 -7839
-2908 5287
-8940 -5470
3769 5705
6403 -6287
8147 3439
-2152 -2597
3563 9367
293 -8693
-6820 -2117
-9110 1115
-2899 -3669
-484 810
7536 1082
5029 7406
-8631 -1160
-1139 -4340
-781 -6016
9208 -3322
-5216 3922
-3248 -3884
-9184 1572
-9115 2678
2116 5236
1201 -2935
-254 4386
-8000 -8712
-4388 -4836
-2512 1621
-8227 7801
-1802 2152
1955 -9622
-3230 2663
7747 -7186
835 7975
-9495 -635
-4210 -8142
-9153 -1400
-7301 -2887
-8784 -9354
2608 -6773
-9554 -3598
7586 -9561
-623 -2133
-2727 -1777
-4160 -3556
-1772 4446
6805 1301
205 -6981
4476 -8295
-6562 7374
9692 -6101
-7868 -1614
-5063 9634
4226 -9493
-3079 356
-7639 -8038
3366 -1422
-9161 -9201
-6669 3680
1374 3999
-6429 3849
903 8215
8998 1824
7286 2287
5477 -1046
-3024 386
-9312 9674
474 -7747
4054 -8452
5027 8149
-6203 -5498
4389 -4386
-206 -9908
2952 -7142
-5236 1060
-1625 -3026
5836 -2007
-4905 -9893
-8801 -1388
9446 -7636
-4441 8455
-7199 8012
2495 -5781
-2248 -7046
670 5117
-2875 -9185
-163 -955
395 -3298
-4708 1255
3739 -9107
-1150 445
-2595 5348
3940 1381
-9555 6100
1192 311
-8572 2554
-4502 1402
-2503 -2189
-6305 -4649
-1945 -2606
-4008 5645
-6063 -8624
-1847 -7449
2627 -5917
-5845 -4789
-4518 5746
-6882 3189
-6329 9192
-6541 419
7984 -5112
4649 6482
-1480 2336
-6890 -2647
-959 -1632
-9239 -972
-7826 -5652
-2803 6804
-3123 -7344
4209 1109
-7819 9556
2182 2400
-8147 977
-9784 -1838
-9843 5987
1473 3277
-7095 8959
-406 4205
2091 -6938
-7821 8702
9568 986
-1947 -6804
8054 -2767
-7034 -4902
451 4040
-1412 23
-9302 9562
-4394 4399
-5478 1169
-6552 -2082
-4072 -9380
-8971 2026
94 -5406
-3598 4241
1284 6261
-7544 7903
-3554 9067
-486 549
3109 -3127
-984 -2904
-69 -4064
-5772 -4490
-5175 5181
-3997 -9922
-1749 -9765
165 4223
-4945 2620
-6088 -3967
-5863 -6440
3338 6564
1323 -7435
7967 -6986
-1565 8728
-8558 -5303
-6394 -5733
-4034 -9500
-3557 -225
1951 8536
-7173 4900
9844 -554
-1432 -5193
-1623 -4705
-9542 -6614
8947 -9732
-3454 6954
-6214 367
2441 -1682
1470 458
-8776 -117
787 -1537
9118 2288
9775 7543
-6419 -4754
-2298 -3481
742 1847
-9357 -5729
-3145 -4692
1210 -8667
5602 -9969
5388 -4702
223 -1408
6250 -1477
-3516 3430
-2770 8419
5733 -3764
-378 3887
-5769 -1553
4066 -1174
-2599 -4171
2545 -1143
-4844 6560
-6586 226
-3038 -6814
-5855 1753
-2738 -1229
-469 -3781
538 -6687
-1182 1423
3079 -3704
2710 -1015
-1264 -5790
6835 4992
5144 -9567
9504 547
-187 -3973
4359 -6904
-1267 -5788
9142 -9723
-7568 -9086
550 -5885
9990 -9539
-9126 -5201
-2981 -4714
233 370
2391 -8358
-7584 -5692
2243 2326
4738 -516
-6935 -2195
-7279 3436
-4805 5832
7218 9835
-5321 4622
-2453 -4238
970 -8012
3376 1803
-5582 -1098
-6817 -5434
-8344 -8602
-8407 8654
670 -5628
9586 2140
-7579 -8176
-4774 7050
2515 -2468
1853 2123
387 -5435
2008 5049
-6020 7779
-147 -4689
-2793 927
-3767 -1959
-5509 -8539
1732 -2584
-9397 -4902
6344 -3990
-829 -433
661 4761
2367 -5033
-1915 -8942
4093 -8778
1004 -1462
-9149 -5734
-2494 2236
-764 5550
6020 -1306
-65 -9492
5079 1877
-5304 -3245
-5009 -9155
-8597 2553
-4177 1390
-9233 -4125
-879 1123
2103 -9421
5449 2397
-3825 3426
1317 207
-2715 -3698
7608 -4197
8053 -2795
279 2974
3178 66
8227 4967
7298 9735
-1528 -4819
-399 2028
-3514 194
-3896 -6809
-5586 -8062
-1416 5741
-5425 -2671
3217 5032
-2863 7492
-3760 7530
-1439 -5090
-8647 -576
-2705 -9186
-7647 -8342
1877 -745
3407 2762
8121 -1951
-636 -8261
-2860 2574
-3624 -5020
-2508 9055
1223 -4211
-4930 -361
-2548 -2895
-2920 -6416
5037 -4171
1735 -7603
-6633 -6472
-8460 -2288
9803 -564
1813 365
-5319 -7164
-311 5439
-2676 9229
-8285 2362
-1145 -5118
8042 4384
-9170 -2918
-32 2327
-2808 -1883
-7038 4507
-382 -9896
-6384 -4144
-1128 -7291
-6546 -8005
7568 271
7242 -6862
552 7132
-641 8944
-8495 299
-7975 -2930
5819 -3288
-5511 -4562
5140 -7459
3579 2074
1291 -8820
-9129 -8115
-7142 -6950
-4187 -3441
-1277 5870
-3323 7591
-5383 -709
4189 -1140
-702 -2534
-6876 221
2396 -996
-3297 4498
-8834 -3842
-6007 -206
-8415 -6658
-3591 -2458
1919 -8724
-8834 -7058
90 -4379
7822 2226
-8448 8252
-5344 -8740
4077 -6279
-3434 8037
-3023 7527
-2592 -9012
7412 -6807
573 590
3800 781
-9246 626
7294 6148
1312 -8923
-981 9104
-8127 -570
8044 9790
-4045 2562
2071 5270
-3192 2594
-8460 -9263
-6595 -6845
-7043 -8821
-9862 -3129
8130 -8263
-262 -3958
-1297 -6147
-596 -6056
786 -3049
7960 -227
-1384 1694
3590 7005
5911 1327
9947 3717
2769 -251
-4250 1249
3991 4074
8858 -9616
-84 -307
-3716 8021
-4180 -8235
-736 -7537
-8595 4981
-3922 1355
-2491 -5536
2219 -8360
-7188 3486
7350 -1381
7043 -8512
6352 -6172
-7787 -6383
-3329 -1983
-9123 8493
-3339 -2126
-8920 -3786
-8756 189
5916 -3035
5493 -8253
-9254 6718
3954 -8238
-1856 -505
4000 -5028
-4047 -8134
-1543 -9944
1721 8088
-7624 -2520
-3252 -2719
2430 -9013
-6962 7010
-6027 -2541
217 8526
-2541 1961
-3686 6512
962 1168
-1124 3487
-3362 -2025
-5238 -9965
-3362 -9325
-6001 -9449
8182 -4531
9920 7200
-5188 -4297
1564 1949
-9846 -3387
6547 -3568
-7997 -1510
-59 -5412
7801 -5248
-3700 606
2255 -4484
-7043 -2879
-5221 7329
3595 -3827
-4178 -7292
684 -1024
2070 -3696
-4224 5919
-8892 -8485
-369 7311
-1526 5880
6099 1823
-1849 -4305
5110 9768
-5050 -8886
4860 -6760
2147 6033
1764 6859
2224 -7240
-3893 -9284
-3176 5943
-9710 -4326
-5598 5147
354 2366
-8937 -8389
-8307 -7844
-5241 -6323
8854 9272
6633 -3142
2195 8539
-5214 5359
-9326 -570
-5304 405
9082 3814
4327 36
2387 -1431
-7196 -8300
-4055 3824
-4576 1876
7181 -4315
4063 4670
2876 -7313
-4887 2186
-3868 -1341
-3215 -4861
5445 -4451
4692 2935
-6188 2448
2916 2770
-2458 9274
710 -6707
7754 1819
7577 -1181
-6985 9544
-3112 -795
-8823 -1189
-9854 8590
550 2509
-2856 6425
-8282 -9113
-1402 -1550
2418 -7147
3557 2122
9580 -644
3872 -7985
4784 -3602
6966 -8805
8921 1883
-992 1516
-4282 -1942
4820 -4556
-3041 7401
-5527 -2286
-7373 7105
1659 -223
-1981 2349
-3887 -3313
8453 7148
-995 8496
-8095 2709
-7484 3476
7296 1291
7423 -3690
-7705 8433
8385 -5705
-8418 -2465
8443 7275
-6699 -3562
-5444 2834
-8599 -5103
9276 -4311
-7324 -4004
2330 -2110
-2269 -2999
-5372 -1231
-2820 4385
1688 -3831
9343 -6376
7913 -1497
1212 4932
-3420 -4660
8677 2479
-1516 5905
4214 1931
258 9494
-1358 -6587
-8959 -6789
-2512 -4195
-1239 -9613
4982 3925
8290 2486
5956 -8248
3812 3862
8500 4318
3004 7700
3168 3101
9585 -7949
2853 3105
-56 909
-7673 2607
-667 -5850
2197 358
-2189 -1314
-8817 1240
-4122 650
-7291 1304
6590 3717
1249 -6797
9199 4003
-4345 -2140
8767 4966
892 -4317
-8720 -4491
8805 1502
8255 -5303
9970 3755
-8117 778
-4005 5308
-1894 2362
-3351 5556
-9032 2672
2264 -5607
4866 -9561
4699 -1846
514 -3976
2241 1683
-2757 -8570
2967 9215
-2104 4312
9006 -8371
-1344 -4724
-834 4454
1437 -1270
-5493 782
7485 -3753
-7993 -4199
-791 8587
-9992 -3072
-44 -9307
-6821 2580
-1691 3037
233 -4909
-5255 1050
5977 5720
-1982 7974
-761 -9609
-3179 -2050
-6669 -727
35 -9586
-19 5637
-9754 3485
-6000 48
8127 -1947
-8852 3447
-8099 5349
488 -7590
-4512 2906
455 7563
-3682 620
-2101 -6217
-9114 -2011
1368 6564
8228 -3609
-6118 -3428
1445 -3618
745 -5560
-7813 52
1836 9089
-9629 7172
1436 -3037
-6684 -4655
-949 -7100
-9925 -2824
1508 451
213 2530
-9132 -2524
8092 2303
-503 6331
8790 -2896
-4678 5734
714 -829
5672 864
-4923 -5244
-1116 -6956
3708 -4270
-8367 6831
1715 -7248
-3478 -9671
-2019 9373
9767 -252
4485 -762
5020 198
812 -1926
2115 516
8691 -577
-7076 4400
3548 -2237
9713 -4011
2188 -3531
-1793 3055
-8972 -1739
4114 5344
-5584 4169
4719 -767
1935 6706
-9544 -5610
-9611 -5665
6348 -4699
-9123 -8320
-7283 -2648
6851 -4483
7814 4001
-6463 5896
-4403 8302
5528 -336
-2971 5757
-6895 -7017
1799 -3327
-2524 7334
5154 -4827
-4679 -1632
2112 5184
686 -6827
3307 -4533
5241 -1288
-4656 2479
-9075 -9614
-3646 -3006
1090 8216
-638 -9069
-1392 -2821
-4962 1572
-2468 95
2616 -4840
151 46
3497 1965
-3357 2765
-1722 -2421
-5896 -2225
1281 1629
-9562 -1559
-7118 640
2843 167
6296 -8678
39 -8643
-2406 7181
-9090 -3617
-3917 -8052
2557 -3755
-3890 -5747
5969 169
-4882 2752
1000
-3243 -5245
-8654 1663
9179 -841
2583 2982
-9107 -2339
-4003 -476
7731 9986
7854 7026
-1737 -1603
5725 -540
6184 3013
-4596 -7874
-1220 -5471
-400 -2422
-38 -3297
-455 -9369
-8362 5641
1484 -9533
2110 5012
6451 -4724
-3851 1307
8665 -1309
-7778 1645
-4594 -5902
-164 -5598
-5807 7583
-3081 8403
-3761 66
1921 -9974
-9049 -1068
-4103 -1288
-6768 -1975
2384 1478
2173 -3873
-3862 -2450
9056 2519
8104 -3701
-4596 643
-2780 -8530
255 -3679
-4356 883
6752 1543
-8430 -8813
-6778 -6945
5587 -5733
-5894 -1547
-9257 2556
7869 -1617
-4791 -764
204 8188
3240 -2642
3491 -3024
6540 4309
-5952 1455
-404 -5841
-9366 4040
-5536 -4200
-6766 -4028
-7133 1131
5144 -3362
2971 761
-6447 -779
-5956 8499
999 7872
1450 -2134
2914 -6398
-8642 -2150
-7450 -2529
3594 -2079
-4259 5677
-7808 -9994
4470 -9682
-9808 -904
-8755 -2627
-496 -4699
-6739 -2618
5154 6701
1556 -3812
240 -8667
5399 1989
4795 -1696
3717 -3272
-4524 -261
-9584 5547
-3478 -1064
-7831 -3034
-5114 -6163
-3381 7548
-3693 7165
-8293 2426
4451 3592
-4242 -2656
-4435 -1505
1996 7249
-3653 -3013
-1996 4486
-5949 5166
3808 -6201
1012 7641
-727 2076
468 -1632
8334 3617
-9241 4379
-6670 -9159
9715 -7154
-8381 -316
-3358 -5732
-5022 -9324
-4473 4535
992 -3364
-188 -1317
-90 138
-4084 -7716
-2312 -8777
7652 701
-5606 -3812
-2608 1986
2547 -3129
2699 -5112
8849 1870
-5866 3731
-4242 643
-6251 8425
2962 1481
-1289 -3106
-9256 -8474
2357 -4754
7445 1978
9436 2706
-6825 -5489
-3410 -3571
-950 -7504
-91 935
897 -5697
-1510 9756
3282 -2206
-8827 -1675
2211 -4098
-5050 -5545
-4092 -6809
3908 2394
2301 3735
-8332 -8899
-4438 -3171
6012 -4072
-8604 4887
-2248 5171
7905 7715
-1476 -587
-4449 1970
5723 671
-8035 -4898
7560 9882
2378 6238
-6309 -8114
-7518 -8040
-4969 6004
8950 -3050
-4758 -2033
-5556 -7460
-5068 -6570
1255 2680
9803 -2667
-1912 8507
-2211 6997
-779 6727
728 -7847
1625 5770
-4857 -4661
-4565 4298
-6146 310
2740 -3967
8344 -7019
-9941 -2196
5470 -1301
-7100 -2018
-9397 -6859
4969 -7142
142 1693
-1882 8096
-1552 784
-9301 3911
8567 -7374
1454 -9971
-1879 848
-593 -7093
-6411 -7849
-6336 845
-2001 -508
-1691 -736
-5446 -3781
2200 -9716
-7445 2203
-9167 -9436
4907 7089
6211 731
829 -5683
3786 730
-9727 -494
4804 7440
5816 -5454
93 6761
5321 -7335
240 -6079
3267 -9080
-5845 -9989
3428 -6491
-9454 365
-102 -8559
455 1119
-5496 -4805
-9720 -3852
4843 4819
-8871 -3737
-6083 -5887
1956 282
5434 1015
-3394 -9269
-8095 -7292
-2228 -8952
-4227 -5365
9669 -9404
8997 -8077
-4166 170
9633 -8032
-2317 -9358
8078 6050
2396 -3822
-6173 4268
-6848 -233
-9227 -2168
-7115 -8140
-3464 1289
1368 1561
-3993 -4031
-4902 3496
-506 1684
-836 -1020
9669 -7124
-5418 2667
-3352 271
-2018 -730
741 6990
-1209 -162
3469 1087
3592 -2095
6383 4877
1727 -2427
-8966 -1618
-5418 6172
-2047 -1034
-5852 1865
1828 -2133
-9737 -7773
-7412 -3848
-1456 -3689
-4586 -5179
4591 706
-3659 -9049
-9070 -1761
1809 7380
2264 1982
2260 2298
9547 -2762
-1273 -1008
8061 3356
-9352 -8947
-2383 -524
-8545 -105
2206 -9656
-830 1599
-9136 -3881
-1707 1612
6831 -1169
-1467 9237
-5564 -2018
9239 -9997
-8776 2405
8652 2741
-128 -4465
-5463 -8202
-4137 2080
-2572 7180
1290 -3791
-1215 6466
-3527 -9253
-5970 -3639
2684 -9102
9995 -757
1797 -5067
-4129 7680
-3675 -541
-3193 5028
9681 -1937
-9921 -8312
-5146 -7369
-1498 -5305
-1878 -9583
3133 -4867
1718 199
2736 -1741
7857 2726
-3943 4254
5470 -7823
-6879 -631
-7335 2171
2249 -9520
6077 -1451
680 -561
-6454 1412
-7435 -5319
4645 -3050
-2521 2029
-4479 -617
6875 2758
1309 -6625
-7114 6867
-2771 206
-7125 -9146
-8547 -1956
2623 4560
-9613 -8886
-3540 205
-9899 -2308
-8925 -5028
3115 619
-7435 8402
-1978 -9290
-5484 4591
7585 4633
-9035 -3727
4935 -1311
2233 -1368
-1226 7294
8076 -7126
-2974 -5158
5805 6599
-8004 2505
-2896 1183
4500 7585
-64 2579
-6307 -4276
-6423 4058
688 -2852
-7756 7925
-3916 -6305
4756 -5275
7165 1811
-7710 -3653
1682 -36
-476 7088
2740 2707
627 6486
-4933 -3807
-1252 8879
-3229 -7284
-5049 -8644
-6105 -1359
-4937 -8775
-6420 -6701
-7119 1255
-5598 -2958
800 4458
-6042 512
760 -7980
1227 4368
-6182 -9663
-1157 -2736
-2600 -5563
-2280 2201
4698 -8413
-8664 -6940
5535 -3776
5649 -3009
-9241 5078
-3743 -1087
-5167 -9747
-1839 -8518
385 2951
-6262 8046
-2299 1339
-1239 -1469
-937 -9402
-257 -6535
6021 -2884
-3076 7962
-7472 3204
621 7922
-4846 -8059
4196 -8031
-9629 8091
-2025 -6930
-2211 -4657
-5397 -3234
-8161 7750
-910 -1306
-1713 -5255
3410 -9347
-6204 -4091
9545 1749
-190 -9597
-8114 -7221
3015 4923
-2630 -675
-7610 -908
5318 -6755
5106 1103
-9546 3107
-2371 629
-1257 -9945
-543 9230
-475 -5009
-2721 -876
-2384 805
1894 1608
2048 -6419
-1097 -605
663 -6634
-8793 -3698
7861 -9682
9252 -9130
-1886 9595
2139 -7750
4039 4616
9817 -568
-1090 7612
-3728 -9400
-5749 -1199
93 -2186
-8405 -6300
-632 6933
2444 1448
1324 -1598
-5379 -8928
-6345 -3033
4232 -3955
-8204 753
-547 -5564
2919 -6427
-8463 6980
2168 -5714
-8794 -4122
-8716 -6566
-6131 -5290
-8271 -3867
-55 9761
7569 -1578
5622 -1137
2984 -1815
138 -9805
-2655 -7859
1083 -3935
-3267 -6865
-2175 -1408
-2370 -8362
-4547 608
-6844 -3056
-9415 -1299
-6699 -627
-3022 -6140
610 -9685
-6028 2981
-1720 -4558
-3835 362
-620 -1279
-4795 1367
1835 -121
9940 -5197
-6871 -5609
-8811 3062
-7576 -8618
-3087 -8605
835 -4393
-225 -8200
-5669 -2647
-4734 -9885
1978 -3121
-3405 -9705
-7978 2960
-4414 -5728
3896 9200
55 -7373
-8418 3839
6493 -7830
-4834 -7120
-5343 719
7724 5037
-489 -2666
8382 7689
7583 1071
2350 -7018
1190 2204
3423 -9511
4047 6048
9123 -8454
-3213 -2823
2268 -4736
6535 7728
-3614 7740
-3875 -3665
-5083 -4892
46 -3694
-7308 -4028
-3465 -864
-3139 -176
-9407 4283
-7627 -6371
5829 -6730
-4038 560
335 3688
7575 -937
-4862 6687
-1880 -8233
1501 3990
-3521 902
-6083 9257
-3194 7866
3555 -9720
-7546 -5151
5431 5770
-7545 7859
-1299 -3388
8153 5028
9959 -1445
-9805 190
-9989 -394
-7591 -5489
-9834 1431
-5341 2783
-2111 1676
828 -7291
-6428 -6079
4841 -3910
-3608 -5032
-821 -2066
577 5531
934 -8679
7884 -9359
-3358 -1483
-8716 -5680
-5391 4458
-3524 9299
4627 1418
-3368 8300
-7017 1599
1948 5690
-93 -9087
-3206 7102
6453 -7764
-4154 1803
8235 -143
508 2205
-6816 -2740
1893 -3637
-8168 -7274
4437 -449
4510 4892
-1864 -8794
-501 -5552
2383 739
-7926 -2050
-5067 5577
-1542 3330
-3321 1065
8660 -328
-252 -2072
-3507 -2988
-1007 -6635
3518 -1901
5024 -9894
-3550 4657
-6255 -7440
-1376 2236
-7751 -4360
-4502 1097
-3965 455
-9499 -9210
-3051 8289
-2806 3376
-9516 9098
3596 -9018
-758 2361
9563 2462
1191 -7923
296 -682
421 9445
-3574 4141
-5071 -85
8032 6451
-3385 -2448
5368 3390
-7939 -9826
4720 1054
1411 5417
-7205 -2700
-2072 -8952
1286 6270
-6751 -1245
-5445 3798
1958 -9267
2533 -8227
-995 -7244
-8042 -6158
-1060 -3561
-3834 3943
4041 -5161
-9411 21
-7068 880
-9230 7822
9511 5962
-3788 -8588
-4340 2252
-1431 -8983
-464 944
86 -5786
7542 -2787
1599 -6160
5008 6896
-2481 -3513
8122 -9252
-8422 -9663
-1049 -8268
-5856 -8553
-7488 -9881
8117 -9538
-4247 3564
-97 -9607
-2746 -8163
8479 -9011
-9121 1864
-9260 -7499
-576 419
-6020 7575
3204 5057
-9219 5942
1747 -7517
707 3241
-6455 -4592
-5014 9261
8825 -9080
-9729 -746
-4814 9269
-7710 -1012
7681 2724
-1906 -9901
-8330 4626
-163 -9717
3243 -9718
-5947 -2982
-8317 -9394
-1849 -9402
1552 -7692
9578 -8824
-6664 4915
-6429 5117
2360 -9891
6937 -769
1705 -1232
-9466 307
7138 7784
-2080 7012
1310 2519
-5032 -752
1568 -9480
3010 9889
-5388 -2912
-6921 2751
7896 -3626
-5129 -9820
-2853 9476
-8141 -3727
-9468 -4466
1867 -6433
4214 -7613
-6701 -8008
-13 -8014
-7493 -3162
-7490 -4833
-7538 -3316
1126 -6890
5467 -4108
-1600 -8386
-557 3689
-3629 -9838
-7150 -5561
-1190 -9812
-4990 47
-5083 3299
2236 -1505
-2302 631
-6480 2817
-5253 1321
-4632 -3325
-1473 5137
-8153 -7289
-1659 -8949
5623 -6052
-6163 2545
932 -8628
-502 7407
-2333 -1577
-3458 5554
7992 -639
-5980 -3933
2038 2855
4916 -6893
-5433 -5608
2402 -8265
1294 -5471
-8536 -363
-7541 -4183
-7899 -8865
-7200 -577
-6043 -8191
-1102 3825
8420 -2666
-4174 1982
-1970 -8513
6204 9966
1576 -778
-6849 -4224
7476 -4864
-5922 -4380
5328 -8735
-4265 -6838
-1567 -9483
-3166 1787
-81 -4356
-5796 -3097
-2128 -2955
7269 -866
2281 8494
-1050 5251
-4654 -4229
-681 -6787
4410 -2523
-1888 -9936
-5238 -8859
3966 -692
1134 3441
9257 -8219
-142 -202
9012 -7997
9002 647
9396 -5350
-9227 2229
-9596 8220
-1150 -7840
-3448 -722
-9966 9133
-1487 -9480
-9888 -8968
6273 513
-3297 -9813
-657 26
-6716 5583
-2451 -1190
-4988 -4157
1768 682
-3746 -3989
-9712 1218
-7140 1514
-5832 372
-1643 -1068
-9504 -2906
791 1405
-1838 8902
4900 -6122
-7894 57
2075 -8487
4057 -9291
6008 3266
-4117 -879
5406 2721
-3385 -5127
-4492 -146
6679 -2235
-9587 -772
-1302 -2292
5197 -5103
-5002 949
-9752 -172
6913 8207
-2547 1032
738 -5310
-5340 -1000
8995 -4571
9396 -4141
2955 6801
-8600 3611
-3431 7222
-2477 -8680
-6509 -1491
-9743 -8430
96 9646
-6545 -5601
2162 4002
-9042 9050
-5080 1115
7844 -9771
-3118 -4221
-2908 1168
8247 7250
-4001 -1782
4276 -2076
6667 4631
-1082 3211
4451 -2190
-2006 8577
-1937 -619
-9566 -3264
-5851 -8888
-3557 -299
-2288 -8874
-4467 5906
-1392 -3162
-2398 -5020
-5758 -8824
-2597 3140
2530 4526
3247 -526
-114 -8995
-1386 1150
-6324 -6716
-7419 2313
8975 909
8826 6828
-4778 -5807
186 -362
-1386 -15
1913 924
9209 642
3386 2092
-4634 -2103
-6440 132
8163 -8313
8389 5953
-1415 -9098
3184 -7815
-489 -43
-5236 -9492
2522 -959
-9650 6137
-3989 -6171
-4681 -2611
-4920 -270
-7884 -9886
-9496 754
1538 8901
4729 -8998
2550 856
3469 -4066
571 2778
-9163 -1174
-9411 -6941
-5109 1070
-58 -1292
470 -391
-1177 942
3850 -6006
7194 1283
1839 -894
2309 3018
1347 4542
-2750 9174
-94 -4124
-1060 -4759
1477 3451
-1444 -2651
-7512 4992
5829 -6652
7985 -4650
3101 3368
-3794 2014
-7667 3125
4701 -5848
-4789 5022
-5838 -1271
790 -3523
-6315 -6835
833 359
-982 -4690
-6732 -8417
-6155 -7483
-6545 6282
-8995 -1279
-2896 2692
-8880 -6378
-2889 -4304
-9113 -5864
-7832 -2603
-5780 328
2193 2599
7865 9390
-4339 -1532
7459 8808
-5048 1889
-6505 -1567
-4124 -3453
-7004 4133
-5733 2642
-3911 -492
-5882 -3670
-912 2198
-5571 3349
-6549 -9810
-6112 8534
-2243 -5966
-9450 -8313
4845 -711
-9005 -8507
6775 9142
159 9642
-6381 -9916
309 -1445
4442 5859
-3191 -4061
3526 -8510
8078 -4896
-7463 -9891
-9065 -9571
4449 -5431
1788 -320
4827 -3891
7808 6404
7541 -4269
-2096 9194
-7336 -1600
9358 -4053
-858 -256
-3921 -2831
1696 -6490
-6911 -2329
-4821 -9325
-1070 -82
116 4019
2093 -9743
-558 1840
-3866 6811
1867 -9886
-616 2856
-1063 1732
-7604 5273
-9682 -3699
573 7884
-5802 3229
-262 -7988
-3107 -8842
9163 1316
7921 8782
8120 -9958
1864 7778
-4282 5369
-5468 140
-3004 5967
5014 6168
-9723 -6407
8098 -588
-4178 -964
162 1894
4179 3446
5165 4834
-8963 -6157
4633 2204
1743 -1500
-2530 -8901
-6935 -7955
-5251 -8209
-9716 7518
-2558 -1147
2111 -1212
-5435 9880
-3855 -6847
-8137 -4471
-32 -2918
1243 -3054
1209 -4625
-2734 7960
9537 -4816
-3555 -7232
-7340 -4402
-5444 -8605
-7316 -1905
-9028 -5276
-8923 4902
-9103 930
3486 -7485
-6720 649
-7774 6983
384 7022
-1880 9914
-4927 9786
-7721 96
-3730 -6586
-7538 -310
784 2761
3332 969
1523 -2994
-5365 -1272
8588 1801
