9 6590 1206 7643 1238 9125 6248 1118 5846 6079 
55 1388 3894 6868 1544 3532 3303 1479 804 6033 8546 5580 9691 1037 8968 6385 1774 2892 1160 9453 6562 7149 9199 1131 8082 7489 8842 1929 2710 8375 2221 2185 3160 7679 4286 903 1318 8558 3874 9374 6152 912 7890 940 2941 4107 6859 297 9993 4596 8044 688 3578 8615 7302 7804 
1 1716 
47 9436 7408 1451 3009 9685 9220 5668 9908 3869 9543 9074 4515 8310 77 6759 1510 5852 9826 9509 3659 2667 3046 8607 1245 1487 7197 8082 4693 4953 1260 5636 6705 3456 2095 5508 8653 7326 8855 7463 9610 7307 4708 2290 219 3028 7116 8600 
59 4724 3355 1531 6952 6681 5804 6243 395 780 2066 7237 6821 3444 6596 9563 4154 6364 3008 2928 7884 8225 8309 8639 6816 7554 6580 7585 6211 4220 1404 6284 5436 2200 6038 300 752 425 2713 9366 3122 5133 897 5852 3047 484 2554 7260 3342 1097 963 4338 6987 7586 2096 8673 519 9708 98 8904 
71 2700 9478 8343 2436 8006 4248 4699 6125 5189 3892 1452 6333 3988 1287 2960 7227 2939 592 5666 3605 126 8203 7400 1531 1916 7975 2526 4861 225 3546 752 5904 4089 3246 9619 9562 1226 7689 5608 5012 997 418 3704 2042 7898 5337 9407 4153 9108 7509 876 7331 4426 2755 490 4811 8225 4117 4981 9621 875 5674 7970 5598 3399 5146 6535 2554 7097 1106 2524 
10 7683 8326 3583 8112 8085 45 4399 9077 3235 3373 
57 7548 2117 8403 4706 6173 9962 5592 9602 2994 3759 6992 2860 7900 1041 5065 6796 3225 9728 956 5024 7957 6269 2542 8600 9717 6361 2318 2448 2244 9259 4119 3481 3440 3675 3812 9908 1077 1611 3497 4334 8251 1803 1970 1608 5970 5799 8942 1573 1601 4167 8420 3432 2163 2224 67 2719 3973 
45 4896 4490 7067 5647 9798 8288 4018 8913 3715 2167 3340 1288 3239 8835 7290 1181 548 8894 5346 764 6442 9444 5758 5149 5010 2069 4929 4333 7992 4857 2311 2761 7234 671 6609 3035 1922 6882 3953 3071 3415 9286 8310 8773 2502 
18 1185 6647 2909 7431 7043 363 4502 3703 4818 5859 2352 7523 6816 1416 4697 4492 9162 2021
70 30 31 32 33 34 35 36 37 38 39 40 41 42 43 44 45 46 47 48 49 50 51 52 53 54 55 56 57 58 59 60 61 62 63 64 65 66 67 68 69 70 71 72 73 74 75 76 77 78 79 80 81 82 83 84 85 86 87 88 89 90 91 92 93 94 95 96 97 98 99 
70 99 98 97 96 95 94 93 92 91 90 89 88 87 86 85 84 83 82 81 80 79 78 77 76 75 74 73 72 71 70 69 68 67 66 65 64 63 62 61 60 59 58 57 56 55 54 53 52 51 50 49 48 47 46 45 44 43 42 41 40 39 38 37 36 35 34 33 32 31 30 
0